fivegroup	Nucleotide	Protein	Effect	ChartNo.	Sex	diagnosedage	Height	Weight	BMI	BSA	Aoroot	Zscore	FH	heart	systemicscore	eye
nonCDS	c.G1837+5A		Transcription	5528021	0	40	173	60	20.04744562	1.698038084	5	7.5	0	1	1	0
nonCDS	c.T1837+9A		Transcription	5605837	1	34.8	173	71	23.72281065	1.847144944	5.08	6.71	0	1	1	0
nonCDS	c.G247+1A		Transcription	5164803	0	34	176	63	20.33832645	1.754992877	3.38	1.28	1	0	1	0
nonCDS	c.T2678-12C		Transcription	5097946	1	11.6	165	42	15.42699725	1.387443693	2.4	-0.07	1	0	0	0
nonCDS	c.G3589-5A		Transcription	6405625	0	15.6	160	44	17.1875	1.398411798	2.4	-0.14	1	0	0	0
nonCDS	c.G4087+5C		Transcription	6403372	0	0.1	57	4.3	13.23484149	0.260927832	2.19	8.79	0	1	1	0
nonCDS	c.G4460-1A		Transcription	6215401	1	4.6	103	15	14.13893864	0.655108134	2.18	2.93	0	1	0	1
nonCDS	c.A4460-2C		Transcription	6382176	1	23.5	199.8	80	20.04006008	2.107130751	3.89	2.05	0	1	1	1
nonCDS	c.G4816+1A		Transcription	6147484	1	15.1	190	56	15.51246537	1.719172928	4	4.41	1	1	1	0
nonCDS	c.G4816+1A		Transcription	6154422	1	20.2	188	67	18.95654142	1.870531713	3.8	2.24	1	1	1	0
nonCDS	c.G5066-1C		Transcription	6404975	0	37.4	181	74	22.58783309	1.928874168	3	-0.45	1	0	0	1
nonCDS	c.G5066-1C		Transcription	6462878	1	2.7	105	14.2	12.87981859	0.643557819	2.56	2.59	1	1	1	1
nonCDS	c.T5296+2C		Transcription	6054593	1	5.6	125	37	23.68	1.133455876	3	3.35	0	1	1	1
nonCDS	c.5671+1del		Transcription	6652975	1	35.6	193	100	26.84635829	2.315407332	10	24.77	0	1	0	1
nonCDS	c.G5788+5A		Transcription	4057174	0	4.5	133	22.5	12.71976935	0.91	2.8	4.1	0	1	1	0
nonCDS	c.G5788+5A		Transcription	5406036	0	23.5	184	65	19.1989603	1.822696415	9.4	24.7	0	1	1	1
nonCDS	c.G5788+5A		Transcription	6041793	1	2.2	97	14	14.87937082	0.614184192	2.13	2.93	0	1	1	1
nonCDS	c.G5788+5A		Transcription	6227402	0	7.5	147	37.5	17.35388033	1.237436867	3.1	3.14	0	1	0	1
nonCDS	c.G5918-1C		Transcription	2993973	1	23.9	192	75	20.34505208	2.00	4.23	3.55	0	1	1	1
nonCDS	c.G6313+1A		Transcription	6161732	1	24.5	178	66	20.83070319	1.806469854	4.01	3.06	1	1	1	0
nonCDS	c.G6997+10A		Transcription	4046308	1	47.2	168	59.2	20.97505669	1.662127151	4.99	6.29	1	1	0	0
nonCDS	c.G6997+10A		Transcription	5297123	1	4.7	112	20	15.94387755	0.788810638	1.8	-0.19	1	0	0	0
nonCDS	c.7220+3_6delAAGT		Transcription	3768388	0	10.3	168	42	14.88095238	1.40	2.9	1.81	1	1	1	0
nonCDS	c.7220+3_6delAAGT		Transcription	5570986	0	48.1	150	48	21.33333333	1.414213562	3.8	3.18	1	1	1	0
nonCDS	c.7220+3_6delAAGT		Transcription	5652115	1	51.4	173	71	23.72281065	1.847144944	4.3	3.21	1	1	0	1
nonMissense	c.11_12delGG	p.G4fs	Smalldeletion	3826816	0	30.2	168	60	21.2585034	1.67	4.74	6.85	0	1	1	1
nonMissense	c.1585C>T	p.R529*	Substution	4089447	0	9.1	166	50	18.14486863	1.52	2.9	1.3	1	1	1	0
nonMissense	c.1546C>T	p.R516*	Substution	6372604	1	12	184	57	16.83601134	1.706848949	3.3	2.2	1	1	1	1
nonMissense	c.1693C>T	p.R565*	Substution	5406092	0	3.4	113	24.5	19.18709374	0.876942289	2.7	4.26	1	1	1	1
nonMissense	c.2016delA	p.K672fs	Smalldeletion	5523913	0	2.9	98	13	13.53602666	0.59488561	2.15	3.35	0	1	1	0
nonMissense	c.2383G>T	p.G795*	Substution	4082056	0	26.1	175	60	19.59183673	1.71	6.73	14.6	0	1	0	0
nonMissense	c.3012C>G	p.Y1004*	Substution	4153167	1	16.2	185	55	16.07012418	1.68	3.81	3.9	0	1	1	1
nonMissense	c.3012C>G	p.Y1004*	Substution	6329682	1	26.8	182	58	17.50996256	1.712373272	7.1	14.9	0	1	0	0
nonMissense	c.3408C>G	p.Y1136*	Substution	6616743	0	20.8	175	63	20.57142857	1.75	3.08	0.75	0	0	1	0
nonMissense	c.284C>A	p.S95*	Substution	4186398	1	19.8	195	75.5	19.85535832	2.022271825	5.25	7.53	0	1	1	1
nonMissense	c.3952delA	p.T1318fs	Smalldeletion	3566967	0	23	175	58	18.93877551	1.68	3.1	0.83	1	0	1	0
nonMissense	c.4376dupG	p.G1459fs	Smallduplication	4030710	1	9.5	168	30	10.6292517	1.18	3.01	3.69	0	1	1	0
nonMissense	c.4460_4582del	p.D1487_*1528del	Grossdeletion	3281624	1	11.4	175	56	18.28571429	1.65	3.9	4.29	0	1	0	1
nonMissense	c.4621C>T	p.R1541*	Substution	2167946	0	49.4	155	51	21.22788762	1.48	3.9	3.3	1	1	0	0
nonMissense	c.4621C>T	p.R1541*	Substution	4581405	0	12.8	171	53.8	18.39882357	1.598593131	5.1	8.72	1	1	1	1
nonMissense	c.4621C>T	p.R1541*	Substution	5218860	0	21.7	158	48	19.22768787	1.45143607	3.68	3.52	1	1	0	0
nonMissense	c.4615C>T	p.R1539*	Substution	6581518	0	10.5	169.4	58	20.21162266	1.652035781	3.13	1.62	1	1	1	0
nonMissense	c.4852C>T	p.Q1618*	Substution	4259640	0	4.9	136	24	12.97577855	0.952190457	2.6	2.85	1	1	1	0
nonMissense	c.4852C>T	p.Q1618*	Substution	5201710	1	2.4	115	19	14.36672968	0.779066393	2.91	5.69	1	1	1	1
nonMissense	c.4852C>T	p.Q1618*	Substution	5201714	1	34.6	197	70	18.03705326	1.957180512	3.4	0.04	1	1	1	0
nonMissense	c.5254_5255delinsTTT	p.R1752fs	Smalldelition/insertion	5968495	0	5.8	120	18	12.5	0.774596669	2.3	2.57	1	1	1	0
nonMissense	c.5254_5255delinsTTT	p.R1752fs	Smalldelition/insertion	5968519	1	39.2	179	63	19.66230767	1.769887002	3.8	1.77	1	1	1	0
nonMissense	c.5368C>T	p.R1790*	Substution	5674839	1	7.5	145	32	15.21997622	1.135292424	2.4	0.88	0	1	1	0
nonMissense	c.5789_5917del	p.D1930_G1973del	Grossdeletion	5002260	1	3	117	18.1	13.22229527	0.766974576	2.1	1.59	1	0	1	1
nonMissense	c.5926G>T	p.E1976*	Substution	6179163	1	36.8	183	63	18.81214727	1.789553017	2.8	-2.04	0	1	1	1
nonMissense	c.526C>T	p.Q176*	Substution	3423567	0	33.9	159	58	22.94213045	1.60	4.41	5.64	1	1	1	1
nonMissense	c.526C>T	p.Q176*	Substution	5438737	1	21.8	184	66	19.49432892	1.836663642	4.19	3.73	0	1	1	0
nonMissense	c.6281_6282insGA	p.D2094fs	Smallinsertion	6479746	1	18.1	180	73	22.5308642	1.910497317	3.89	2.63	0	1	1	1
nonMissense	c.6322dupC	p.R2108fs	Smallduplication	5982643	0	31.9	172.4	68	22.87886047	1.80456212	3.8	3.04	0	1	1	0
nonMissense	c.6580G>T	p.E2194*	Substution	6345018	0	29.5	167.5	55.6	19.81733125	1.608398099	2.6	-1.14	0	1	1	0
nonMissense	c.7039_7040delAT	p.M2347fs	Smalldeletion	3608758	0	15.9	179	53	16.54130645	1.62	3.1	1.69	0	1	1	0
nonMissense	c.7039_7040delAT	p.M2347fs	Smalldeletion	6171968	0	27.7	176	54	17.43285124	1.624807681	3.1	0.78	0	1	1	0
nonMissense	c.7377C>A	p.C2459*	Substution	5999118	1	10.9	154	38	16.0229381	1.274972767	2.95	2.55	0	1	1	0
nonMissense	c.679C>T	p.Q227*	Substution	6427157	1	23.7	192	56	15.19097222	1.72819752	3	-0.74	0	1	1	0
nonMissense	c.8034C>G	p.Y2678*	Substution	5274488	0	8.6	142.5	29	14.28131733	1.07140873	3.2	4.75	0	1	1	0
noncbEGFlike	c.2051G>T	p.C684F	Substution	4433319	1	9.3	138	34	17.85339214	1.141636253	3.2	4.26	1	1	0	1
noncbEGFlike	c.2051G>T	p.C684F	Substution	4449742	0	21	166	66	23.95122659	1.744515214	3.2	1.24	1	0	1	1
noncbEGFlike	c.2131T>A	p.C711S	Substution	5545210	1	1.9	86	12.2	16.49540292	0.539855948	1.6	0.5	0	0	1	1
noncbEGFlike	c.2638G>A	p.G880S	Substution	4450930	0	16.7	177	70	22.34351559	1.855172948	4.21	4.99	0	1	1	1
noncbEGFlike	c.2627G>T	p.C876F	Substution	5613743	0	38.8	180	56.8	17.5308642	1.685229955	3.4	0.4	1	1	0	1
noncbEGFlike	c.2860C>T	p.R954C	Substution	4339881	0	24.4	171	59	20.17714852	1.674066904	3	0.24	0	0	0	1
noncbEGFlike	c.2860C>T	p.R954C	Substution	4597110	0	49.4	158	66	26.43807082	1.701959655	3.1	-0.14	1	0	1	1
noncbEGFlike	c.2890G>A	p.D964N	Substution	5425087	0	28.3	180	62	19.13580247	1.760681686	4.2	4.73	0	1	1	1
noncbEGFlike	c.2860C>T	p.R954C	Substution	5456291	0	44.9	162	61	23.24340802	1.656804153	3.1	0.07	1	0	1	1
noncbEGFlike	c.2860C>T	p.R954C	Substution	5597105	1	46.6	175	80	26.12244898	1.972026594	4.2	2.68	1	1	0	0
noncbEGFlike	c.2860C>T	p.R954C	Substution	5613748	1	48.6	181	74	22.58783309	1.928874168	3.73	0.95	1	0	0	1
noncbEGFlike	c.2860C>T	p.R954C	Substution	5613749	0	27	164	57	21.19274242	1.611417595	3.04	1.39	1	0	0	0
noncbEGFlike	c.2860C>T	p.R954C	Substution	5613750	1	23.8	178	78	24.61810377	1.963839776	3.69	1.59	1	1	0	0
noncbEGFlike	c.2860C>T	p.R954C	Substution	5824140	1	55	174	90	29.72651605	2.085665361	3.2	-1.48	1	1	0	0
noncbEGFlike	c.2860C>T	p.R954C	Substution	5850318	0	26.3	164	75.5	28.07108864	1.854573925	3.5	2.1	1	1	0	0
noncbEGFlike	c.2860C>T	p.R954C	Substution	5961061	1	27.2	190	103	28.53185596	2.331546935	3.76	1.13	1	0	0	0
noncbEGFlike	c.400T>G	p.C134G	Substution	5549905	0	4.2	113	19	14.87978698	0.772262189	1.71	-0.54	1	0	1	0
noncbEGFlike	c.400T>G	p.C134G	Substution	5613907	0	17.3	178	50	15.78083575	1.572330189	3	0.74	1	0	0	1
noncbEGFlike	c.400T>G	p.C134G	Substution	5715242	0	30.3	180	52	16.04938272	1.61245155	3.5	2.21	1	1	1	1
noncbEGFlike	c.6182G>C	p.C2061S	Substution	5233918	1	24.9	190	95	26.31578947	2.239171474	3.8	1.46	0	1	0	0
noncbEGFlike	c.6295T>C	p.C2099R	Substution	5472759	0	20	172	66	22.30935641	1.775762747	8.02	19.69	0	1	1	0
noncbEGFlike	c.6332G>A	p.C2111Y	Substution	3317862	0	36.8	163	59	22.20633069	1.63	4.61	6.13	1	1	1	0
noncbEGFlike	c.6332G>A	p.C2111Y	Substution	3773317	0	30.1	172	72	24.33747972	1.85	3.52	1.95	1	0	1	0
noncbEGFlike	c.6332G>A	p.C2111Y	Substution	4089909	0	64.8	165	62	22.77318641	1.69	4.1	3	1	1	1	0
noncbEGFlike	c.6332G>A	p.C2111Y	Substution	5915552	1	0.8	79	10	16.02307323	0.468448977	1.82	2.62	1	1	1	0
noncbEGFlike	c.6331T>C	p.C2111R	Substution	6564235	0	1.6	85.5	10.1	13.81621696	0.489770354	1.95	3.22	0	1	0	1
noncbEGFlike	c.640G>A	p.G214S	Substution	2314913	1	24.4	194	65	17.27069827	1.87	4.59	5.02	1	1	1	1
noncbEGFlike	c.640G>A	p.G214S	Substution	3221978	1	25.9	184	99	29.24149338	2.25	4.63	4.59	0	1	1	0
noncbEGFlike	c.667A>G	p.M223V	Substution	3737025	0	13.5	170	57	19.72318339	1.64	2.7	0.21	0	0	1	0
noncbEGFlike	c.8261C>T	p.A2754V	Substution	4395584	1	11.8	185	77	22.49817385	1.989206989	2.86	-1.52	1	0	1	0
noncbEGFlike	c.8494A>G	p.S2832G	Substution	5748332	0	19.9	171	60	20.51913409	1.688194302	2.8	-0.3	1	0	1	0
notFeatures	c.1586G>A	p.R529Q	Substution	4566256	1	16.6	176	51	16.4643595	1.579029238	2.5	-0.29	0	0	1	1
notFeatures	c.1633C>T	p.R545C	Substution	2845087	1	16.3	179	64	19.97440779	1.78	2.28	-3.8	0	0	1	1
notFeatures	c.2290G>A	p.V764I	Substution	3055345	1	14.3	181	64	19.53542322	1.79	3.6	2.73	1	1	1	0
notFeatures	c.2753C>G	p.P918R	Substution	5369661	1	0.1	52	2.7	9.985207101	0.197484177	0.8	-1.01	0	0	1	0
notFeatures	c.3143T>C	p.I1048T	Substution	6686395	1	0.3	69	5.8	12.18231464	0.333416656	1.9	3.93	0	1	1	0
notFeatures	c.3455C>T	p.A1152V	Substution	4218617	0	21.1	176	64	20.66115702	1.768866555	2.6	-1.33	1	0	1	0
notFeatures	c.3442C>G	p.P1148A	Substution	5893593	0	15.8	174	52	17.17532039	1.585349593	2.3	-1.02	0	0	1	0
notFeatures	c.4030G>A	p.G1344R	Substution	5261362	1	18.2	174	47	15.52384727	1.507204919	2.89	-0.58	0	0	1	0
notFeatures	c.5342T>C	p.V1781A	Substution	4471581	0	14.3	175	55	17.95918367	1.635118073	2.9	0.3	0	0	1	0
notFeatures	c.5342T>C	p.V1781A	Substution	8010837	0	36.2	170	52	17.99307958	1.567021236	2.6	-1.6	0	0	0	1
notFeatures	c.5795A>G	p.D1932G	Substution	1941947	1	57.3	183	68	20.30517483	1.86	5.28	6.46	1	1	0	0
notFeatures	c.5861T>G	p.F1954C	Substution	2491357	0	38.2	162	52	19.81405274	1.53	4.14	4.59	1	1	1	0
notFeatures	c.5795A>G	p.D1932G	Substution	2731654	1	27.5	200	86	21.5	2.19	5.16	6.66	1	1	1	0
notFeatures	c.5795A>G	p.D1932G	Substution	3025185	1	18.5	190	66	18.28254848	1.87	3.73	1.93	1	1	1	0
notFeatures	c.5861T>G	p.F1954C	Substution	3125982	1	15.3	178	51	16.09645247	1.59	3.83	4.37	1	1	1	0
notFeatures	c.5795A>C	p.D1932A	Substution	3368356	0	25	174	54	17.83590963	1.62	4	4.34	1	1	1	0
notFeatures	c.5861T>G	p.F1954C	Substution	4032447	0	14	164	40	14.87209994	1.35	3.16	3.04	1	1	1	0
notFeatures	c.5861T>G	p.F1954C	Substution	4036860	0	10.5	147	30	13.88310426	1.11	2.7	2.39	1	1	1	0
notFeatures	c.5861T>G	p.F1954C	Substution	4444790	1	8.9	138	27	14.17769376	1.017349497	2.7	2.86	1	1	1	1
notFeatures	c.5861T>G	p.F1954C	Substution	5172906	0	39.6	170	55	19.03114187	1.611589967	4.6	6.06	1	1	1	0
notFeatures	c.5861T>G	p.F1954C	Substution	5487620	0	36.9	167	51	18.28677973	1.538126566	4.33	5.36	1	1	1	0
notFeatures	c.5861T>G	p.F1954C	Substution	5505085	1	34.9	178	78.65	24.82325464	1.972005465	3.5	0.46	1	1	0	0
notFeatures	c.5795A>G	p.D1932G	Substution	6149535	1	33.8	192	95	25.77039931	2.250925735	3.72	0.88	1	0	0	0
notFeatures	c.5795A>G	p.D1932G	Substution	6149536	1	29.4	193.3	100	26.7630923	2.317206172	3.78	1.14	1	0	0	0
notFeatures	c.6593C>T	p.P2198L	Substution	5832746	1	22.1	180	52	16.04938272	1.61245155	3.23	0.42	1	0	1	0
notFeatures	c.6593C>T	p.P2198L	Substution	5991118	1	53.7	174	70	23.1206236	1.839383955	3.69	0.77	1	0	0	0
notFeatures	c.6806T>C	p.I2269T	Substution	5313588	1	4.8	125	24.3	15.552	0.918558654	2.44	2.28	1	1	1	1
notFeatures	c.6806T>C	p.I2269T	Substution	5413846	0	34	172	70	23.66143862	1.82878223	3.98	3.61	1	1	1	0
notFeatures	c.7493T>G	p.F2498C	Substution	6450990	1	35.8	184	80	23.6294896	2.022100118	4	2.27	1	1	1	1
notFeatures	c.7754T>C	p.I2585T	Substution	6721731	1	17.6	182	52	15.69858713	1.621384868	2.89	0.96	0	0	1	0
notFeatures	c.8038C>T	p.R2680C	Substution	1018835	1	44.7	180	71	21.91358025	1.88	3.83	1.23	1	1	1	1
Features	c.1766A>G	p.N589S	Substution	6451008	0	34.6	174	62	20.47826661	1.73108829	2.35	-2.5	1	1	1	1
Features	c.1837G>C	p.D613H	Substution	5677011	1	4.4	115	17.5	13.23251418	0.747681602	2.2	2.27	0	0	1	1
Features	c.2288G>A	p.C763Y	Substution	3057521	1	15.5	190	60	16.62049861	1.78	3.8	3.46	0	1	1	1
Features	c.2242T>C	p.C748R	Substution	3382488	1	13.1	182	66	19.92512982	1.83	3.2	1.32	0	1	1	1
Features	c.2306G>C	p.C769S	Substution	6417544	1	6.4	128	22.6	13.79394531	0.896412603	2.28	1.62	0	0	0	1
Features	c.2462G>A	p.C821Y	Substution	5624466	1	6.2	136	27	14.59775087	1.009950494	2.7	2.93	1	1	0	1
Features	c.2462G>A	p.C821Y	Substution	5668231	1	4.2	113	21	16.44608035	0.811890797	2.46	3.09	1	1	1	1
Features	c.2848T>C	p.C950R	Substution	3027999	0	12.4	183	81	24.18704649	2.03	3.64	2.06	0	1	1	1
Features	c.2809T>C	p.C937R	Substution	5353655	0	18.7	172	58	19.605192	1.664665465	2.9	0.22	0	1	1	1
Features	c.3082G>T	p.D1028Y	Substution	5779613	1	1.1	80	9.3	14.53125	0.454606057	2	3.92	0	1	1	1
Features	c.3545G>A	p.C1182Y	Substution	5382389	1	11.7	158	28	11.21615126	1.10855261	4.16	8.9	0	1	1	1
Features	c.4096G>A	p.E1366K	Substution	2003461	0	30.4	175	58	18.93877551	1.68	3.8	3.27	0	1	1	1
Features	c.4099T>A	p.C1367S	Substution	5631043	1	36.1	195	105	27.61341223	2.384848004	4.6	3.94	1	1	1	1
Features	c.4099T>A	p.C1367S	Substution	5665617	1	4.7	124	31	20.16129032	1.033333333	1.9	-0.94	1	0	1	0
Features	c.4099T>A	p.C1367S	Substution	5988602	1	4.4	125	25.5	16.32	0.940965816	2.44	2.08	1	0	0	0
Features	c.4258T>A	p.C1420S	Substution	3264974	1	11.9	166	51.5	18.68921469	1.54	3.74	3.6	1	1	1	0
Features	c.4532G>A	p.C1511Y	Substution	6420108	1	23.7	190.4	73.5	20.27465398	1.97163215	5.35	7.87	0	1	1	1
Features	c.4532G>A	p.C1511Y	Substution	6424433	0	31.4	181	59	18.00921828	1.722320786	3.1	0.46	1	0	1	1
Features	c.4988G>A	p.C1663Y	Substution	5704035	1	7.4	145	28	13.31747919	1.061968821	2.53	1.86	0	0	0	1
Features	c.5371T>C	p.C1791R	Substution	2293532	0	41.5	162	50	19.05197378	1.50	3.55	2.28	1	1	0	0
Features	c.5371T>C	p.C1791R	Substution	5855872	0	2.3	93	12.6	14.56815817	0.570526073	2.12	3.38	1	1	1	0
Features	c.5666G>C	p.C1889S	Substution	3525933	0	14.8	173	60	20.04744562	1.70	3.17	1.62	0	1	1	1
Features	c.5867G>T	p.C1956F	Substution	5471598	0	7.9	139	29	15.00957507	1.058169279	2.6	2.17	1	1	1	0
Features	c.5867G>T	p.C1956F	Substution	5471599	1	7	130	25	14.79289941	0.950146188	2.9	4.28	1	1	1	0
Features	c.5993G>A	p.C1998Y	Substution	5460959	1	13.2	127	23	14.26002852	0.900771274	2	0.25	0	1	1	1
Features	c.5950T>C	p.C1984R	Substution	6636294	1	4	108	17	14.57475995	0.714142843	2.73	5.42	0	1	0	1
Features	c.6113G>A	p.C2038Y	Substution	4093160	0	6.6	138	26	13.65259399	1.00	2.3	1.13	1	1	1	0
Features	c.6113G>A	p.C2038Y	Substution	6509552	0	18.5	183	66	19.70796381	1.831665908	7	13.44	1	1	1	0
Features	c.6388G>A	p.E2130K	Substution	5750668	1	6.3	126	19	11.96775006	0.815475322	2.75	4.67	0	1	1	1
Features	c.6458G>A	p.C2153Y	Substution	6785877	0	4.7	118	15	10.77276645	0.701189466	2.28	3.13	1	1	1	0
Features	c.6695G>A	p.C2232Y	Substution	6224939	0	24.5	180	45	13.88888889	1.5	4.51	6.46	0	1	1	0
Features	c.7487G>A	p.C2496Y	Substution	5350448	0	10.5	176	55	17.75568182	1.639783183	3.3	2.28	1	1	1	1
Features	c.7828G>A	p.E2610K	Substution	5605347	1	10.4	156	63	25.88757396	1.652271164	3.24	1.93	1	1	1	1
